$ANSIBLE_VAULT;1.1;AES256
63383130326439613534346439323536303631343562353161616333343663346464363836373962
3561393666366236393363626136313231396435376361320a336233373330376437396364663032
35663838636636386636346330343565326532643431623665626362646361383933343562313962
6331376330616562340a396137383632636235653163383737666666646332393039373831626639
63326438303461626233323164326232333930323035303664386633636462663439386362353939
39636634326431646439613037333935343033646366383731643033386436626237306434323433
64383238323264323962363161316332346366636434393264613831363061326365623833323736
38363433386436366663366639386364376265343062356131353439396464333862333132633636
36373135633964623465653261343734623138323035363865313339323230393965353265353734
64623130303835356430363134326238383239383037333161383431343761623766326433613738
35623961353635366139653830643433646663376137313962616266383836643531356163623862
61633663303466656230643263653430383133613738663263373130663963656431643436353336
36373038363761623035656435663633383235343933616262356233626432643838663234336165
34636634333431303332386632373862613537643865376463313030356662303761633336653966
39373833383965653538643565656638326336306337386663303931356264343661616334303537
33363561633137373337663932313731346463343134636136343863323338346338303035316638
37333135306265313530393366376265366633313032363536666361633238653935653266616566
64306363666237366230353337613139316130653238666230643936633664353738333639356566
31613732623763646465326663386566393031666562323163326461336334326463333330643466
34306465666330663163663966663433623530643237373932663363356238376239306135626566
33373836386336316465363631653937366634303837383931633762613432336463623165366463
62396332623036393765633230303937633738653636363637323062653137333832303739623165
62326430376665386165343537306335333930623136326564613934346337643933303332643034
66386663363965666330636164356134356431313037643062336635636438613665633731303238
35386235393038303835313465373438666165663732323039646335333032336631356536363562
39313862626561613865633935303864346431623538366139636330303266616638313638346366
30623361323536323835636361653833626561643935653734393836313064616432313566643865
66323837623232333136363933623831633430343138383130373237303634646532646338373337
65333933623438303533333839656637346436303366383730323137613562663965396262386566
36326666633837313833633736346135656333373661393066656533666339333230383238303034
37373337303565333566353363666133393136393336363266353838656632656363383234666564
37383962316536333337613764336661383232366433613938623636353466633930663661343434
61376432313635386430383936383461643736366232393339323363313062616264636532363430
31313835323730623661646534333765353036643233653733383830386630306533666538326462
34646332383661616537393862376365636537623239353837653265353733356165336131656163
63303363633839356338303030356135376238323833366463613061366536353539383830633537
33333236636331656134366164646437663937643433663932333335376438343265356638663662
35366362306137326332306166643432353438643464663235343738326663663033643961373630
62373434333737396135366539663637653339636562356539353266326335643732356438633731
36623662376263303762616135313934393335386366386631653262393739663332323935623764
36643730303033663365386539336139656531326561386438393032616539383265373162303165
62663732366664303161323862313862313363636466333966316663316437623830383937353136
39383730306234666535333862336436303065343038346332663466626264306665623631353636
35373837356138656364353137313665353130326136346339393564353038666436323661313165
62373062303732643536303934613230326436333133653333366364303333356533353132376136
64346333653434393134313662326462666438623366316261326366643564643033663661303562
38396531343339383033383234303065623433353534396664316264313266333861356464646561
38356439633130643536353235383138326439666436663461346330353632356265666463383435
61396164366533356630313830623661613534356662366564313466343031373833653132386235
36303764653132326638386166646532373735663739343930353264626664383363396234663238
61646435383837336334646361633838333964383062363261313436636634303633346461393732
65636563383966623362343563623033303235666137613164326433616534376431383131393134
35333064393865376430643961636464313061306536313539386438376137613162343438346561
64323332343734633731346333643930613363653530363835383235643762373034323134376661
38633934326432316138663531623937663132646663633530353537376530636262376366383731
37643135326366323535313763303234313235386663613161366232623739363961363833333361
30643461313562353837636635633035353962646565356139643133643930616534376236393762
39393365376536646238663330313862356638396630333132303062326137353336353738353966
61346534646334643438366464636135666132633334643939316364366630336263383238343565
62383264336366313335393632663534343762333861313136373736613431633564386164346462
38313131393338313033333235376632323462633833613263633936393866663365373434366438
62363931323136313138373966636331313130643731303434373833373635303332613232373666
34303935663062626162626166313964323538616431343932663238353865303937323334663035
64666137633163613666636165376436396166616330646632626537643263363037643832303162
63303963353731626435633064353062666332383936643639303465376639313731623465343739
39653135323030303233306534323462633466343537623532383636376662616533356137616436
35623030336466316332306632343566653436353862333837623837386233376538353863366238
36326434303661666435383537623866623032626630353337363539666530306365383331386233
33306235343364323331613437383061313061653130643432663735316366313966393061656263
36376665303939333631326331393436393431613631393732303030623861343935316335663632
37663539613933663863303663323065323434623463633363623332313137353365623437323163
62363133333165633238333565626238326462396261376361633931643266316266353839666463
30323033633536363264653463346635666232313563643762653931313064613332633463386639
38353336323832646435396230333031623136663632643261626336366362656463313334333533
37363833353266613333623936633463616338623665323738656636653032333930303862653736
39353961366235323731323530373231346338353561343432386635636230336534633935646134
32666438393132333932663636663135656166653932376336343937386364336530303263633765
32316432663031613130396364333262386331373038363234323563386661386164333061313036
38363430636332386437623035323935666433373035646638393862343537636464626161643739
63383334343262623039646637383333653231313563653533336633366565616131316163333263
65656664656463303039653335343066663830656366633630383962656565346134386263313732
30363636326365323135666533316538383530313735333032643864633563633732643838313832
66336163643534353961373333343461386362376239646532663661313661366634643366656533
62373336623331306234626531346362643264376435636263383637316666383866633666343838
36636434303064636632613762336435306162313135656264346662663235643637353162313466
34316333373037383933363964383263643363343835623536346133616465623461336133346438
32393732663533396234363039366439316130373136393765363230656462356239383463613834
37346532363963346438363264633832386134396166616361333565313036373765633865363634
61343866643632373637346264363437383238653663623936376562366135623465633239653566
37326638366334663636613239313465396131653439666639326362626337616363323163373339
35633232386136373864663234393233623163323631383465646537366430336261383630306166
64623865633438383233653766326537656430643265363437626336643333616363393133366435
39633436356361633138663561643336386435363737396433653934653534333964336436363363
62636464626432346631376338316436653665646661313462666136646534643632383863613166
36303836653434336234303436313764633033393833643362353238336566326435636461303661
36366237653835646164633133613039396636646437663334333630326564356265353063393139
64393130303730343330666232636261333330663863373532613136393866643637373737646533
31323033373931646432316564393134356138613138363832386430666136643262643466366165
36326433303731666562643834353363666265356138616133363436383337376132383961326637
37653064646534313636396331323536313965376638633631346331346462393835326261306137
37303437666538303438633266363334346336323861616335636338656134323131373065653939
35623133656436313531666639363130323732616130316365303063363764663130373638636566
37623531613135393162613730373265333031396665623435626365303565313838343562346535
36336633383731343365613163353630386537643132643262646433373434313839323130613664
32316434346564383461653866353839666330353939633936623139336135316137373039613165
37336164323535303433666237343232653339643631636464336233663438343363663962373839
36373938363562636366663861353531323435343836376238303361316161623038396139616330
36383363376330646362313665306165646633336536356439633534366339363932646566646461
38623330616664393536393431633739616239343537653435643139326337633265323832336139
34363430646566633066636465643662643162656661623663633531366431343234393366323430
62336239383537613762303439333261346661356632653737303932333236663331633836393935
33353965343033636132613836386366653331613939373262333038306365356533636338393838
64336366663435366531623632616631396166373232366565636366333439666362303436343762
38393164663863303063363163353663373538316165326231373433633438393837373532313432
35306465366438393438366630383838656633396536323333613661333662346237393764613561
34326239346236616630366332303437306132306537653661623761366236386638343035613131
64323636626162653733313235653039393464666635313165623465653237333537666166353731
66373036366531396233663334653531363165316539326565303532363861343438323035653161
66336333666232353264656362353031663161643033363563383464366663653737373465323562
39303263653261323938636338376365363162323061656164653164626662333939386433316438
31653136666631623763366330366135333763373861393965626233643365653436396561636163
61623536313434333165373565613831663531356637633838393234643961373932653162623033
33323632353237313765343362646564343232383538396633643433363337313931383762316466
39303234326637613565353934626331376338363764396235343037303965623065396134656135
39656237643737333434373964353736343039623663303734386339623831366235366463326164
32343564626662303330383438376365343563636133343130623636326635626239643639373030
33316531323864383766303763623365616531386431313962643536306265656563653633356230
35393035383231393932346463626536666166326131653637366430636232623062336166383838
38343463613138313132323836616665306162626463336533623931373661376236613332316164
65323038666264656138316631646530646661363866336265643661313966396638303533343765
34393061623234376635303462626464373063383037363736393338663432336263633666666333
32653064333437343638343465343239613363333333386535653537363530376664623064346537
61303133303031336661613164616332373764313463316364663638623437346161616339393934
30373234356532653330386463323866303062383163343135376632306430316232623937613331
37353530663538383038313832623332343933646461626131316631613931346435333764616666
62366265613162343966333239333739306665636231623961646166643931333133363064666565
36663762643831653036373737333537646339356139653733343061653538316163633365333139
32613566313063343538343164353037396431303131313433343635643034643532303164633931
33323036373237366462633734626232303337343761643366613633356562623561316466663631
37613530626633326437623539663030303238333730343166386337653734626138316566313365
31346265363964353830363430376432646434633663623864633938326263363237316532653331
63303462386632303431313233653438666465663834396464383262646132376439623831633666
39373337633635356165396630656566326234356263333631656536653839376439393935313639
39396335323530646235393961363036343933636138346362323036656465326431633032616465
65653539313666376339363739323033666338653063613161326362613761303031363334626535
39323431636534616566663533303434353137653737653738306339306565643230323263633266
33656437333231386131663736323462383931626237613034386139393863656230326230626538
66313664306131306433303139323836666431303737366135663432636664633034303562326531
63653437613164633439383862663365633533613235376536646166616331303764633735653232
65333164353831623365393165386232633039646432346364323634376562346435663430623438
37316462656535313039303431353734353136363731626331616630306563646234663435393064
65363131633239356662306164303933353839633361613635643464353531333239613630646161
30353434633239393336373661373132393939363061313365636236303765393934653162313137
32333666346631646561393536356435323433646666643433373264373637396133626332623030
31343763353564666437333934343839323865393630356638623239663233313134663563653661
39316461306131336162353161316338623463663264643466326330303361383465363764623634
61306666623235313663346439643566343064386231663334323337623132333362393339306361
33303237383734373035643338333135386235316664316565386465353937313439343561333731
39306638363435323165313733623236366362316163323830646534336164363138373633396264
39643937333763653365386666393535333537643833313864313530646533623861633563633333
66373036616238643536326266666133306563336532336632396334633637613064623561313061
63626562356265303037356465623562666365396338613263313961323138613361633166616231
65383666376539623062666162613463366433383761663037393365313839373233636639643037
38376361393233343165633461363130666635316139386435343032336538626566373963353836
64386466343864623832353562346439343261363034303737666231323331373863616564386136
32623539326431633264646139633535373634623064623761623138653739326639386133646261
63356631346263323337373335393136613832613734636634326337373836373461313065393139
33653662306532303439393366326266643733656130313961356235663534613962623261666232
64633563656534396163323864343339343330656631386365363538313561346135383466323863
38383661633063646233343065336531653466346438656462343835356231376539616366323034
63663331663865643638303737346537633137323163393061323430393830653265333335313636
33643630626433646332343239653932633362343063336431656233333336323663343033336431
33663638366337366634356432303931316261366137623739653831333963383263303830383435
34643537353838343734313465363263396231613037376333393930623335653234303938356462
37646534313936383534643537623333393838626339363665313434613335306363393637653536
38326239623964616239363738316463393464643162613336636663653332346133306365393735
31363561613739626634343762316462656564343866303937623438383435353064653962396430
64363038613864353030303264633839343830303337343566353039653262363331383139333065
34666339626664616461656465623264643036393963343261643937313466656562396336313838
32363235326366383632636466646561333064306666643238313732643539653865663063363461
65616663306336656435386163373939393065303432396331653763373866366264653063316633
33613638633138666564303532373234323337396338383861336637643461643364336462346264
65356330383439656636373036633166393436313437613637323538313764316339306630626231
36366266383434643632623434323334336339623536343936656364343531373762636361306561
63346635623134363130316631353665333265346432316462346235333036626339643564656335
30613038616234376464643365316263363730376333623630623839306437373831643134633964
65356466323363356565613134313338316131643835626332663739633933626664343939316166
32396364613463306338323430663762636362376131663230363632343334393837393530326237
38323935363462303962663961623537636635643837646164633364383730653134353135666330
31616562383866623831633861396561623838623532643931303265646136313839613533333234
65613230336333383336646561386531363234613634636132386264363336626131376263613531
66356435353731376333393037363836313434336639646530393232393862303963646563396335
32646562376132396236373734303534393433653530626366653739643532666266663134326665
33366166303334653432386662313464336432396561383731393061653833666462333136343166
62643866376232326237386336303964623365616335656631336531633030376362326261363163
37313236616633633531636364623531323335656438356435356135333835333766626439313236
61316235323731613630323066376161333437356637313139326237383034336366633437623636
64616630333765373531313662636239383934653232363565663538313963356561653032373935
34646166376264303634386334626262356163303637306338313730373634353364613762396463
62363261313632303465633530326433366630646531323432363863633437343834636432366232
65613031623566626531656465396133326266663262323566626334633063386535303735313039
62383333626562393261313135343566616266383835616238643333383439656231376638303339
33613862646164333330346364626230613263303334643734643730313632666138356366313862
33653532656330663030323433353263663339623932326430323937343463396330626134303063
33346535663564316430383766373736636266333336383362623536663564633266646234306239
32343733616336353637396436343038336338303932383834666462316236363436353536633862
64326231343735666239633739656465303138353333393736376532303734323430306161333361
36663062303563616563303236383633326630323163663832613630343363356235633634383336
66373039363466343265376133643633366630373966656139613464333433343862373832343364
39343739633263613961353138656139663935623838396633666138376164613062616564383036
35363761656536643765303337636131306363636532653638643365386130386462316166383530
30303663366466383730623832653163306464346130316162613661343463636630643534643864
62646335666438373064613531636137663734316432373565326137643463326338653965336364
38316164613463393863653862626166366238383231626137303161343937666631356239336632
30616265366566666230306564376635383361646335323031633536306137343061633833613237
35616130363639363839633665366163633831663139373434336637306264633934646530333762
36366336663836383462383734333032616435353262636263353436333064616131316338363765
34396265393834633764316431656364663639336237323864306563313233383034376432613231
32623162396666333439366165373539346238326434626463663635393566366232356535333732
30613461353732656436316634633839363039396436376263353038393733376263663762626337
35386132386663306430343833396365623065306435633734386139383630396139366635636366
38633132383366343330353732643565636565313431383034346364646235636361336135656439
61303538656664376466613539363637396465623561393136383963323365623366306364633463
63373362653664343235616238643461396632323539353337313661646131326435346462343733
62396631643564343762303262396638653666653162363262646539636633343639386132373534
37333438333965633439393630656631613933313633363736306330666237323037636535623630
32363437643163373662393862376366343434326631353038373236663365613133623838643236
33396266333835363331373964366637646336346661666531626335383061313832666335346264
34653235363464613935666335363134323466653130386364343139323361303939376430636438
3535323133343731396131646530623037653034333138353539
