$ANSIBLE_VAULT;1.1;AES256
63323237303631366230636630666161623135326430323331386165666666313061303762313232
6266646436366434393339373739343736336430323061630a313935326262653633633236303030
62333737363432353561663962393037636566356266303734343265366133626166313965393063
3162363637643065380a663361316138336530383164323434633937656130656433613536373765
65643365323136383436653034323231366534353332356435633834303564303539323035346635
66643761663961313465386562323033313463353433613439633533326238376265633065623935
36306362346266343561386430663237646436666362656530386532336565633264306433383061
30623034333439633934653363623163373539663939306463363664663031663962623862636631
36616661373234383462326663353331323230666237663439353838363236326432363935313031
31623936643932303663356338343734386136613835343432313431306666663364373730613561
39343636323739346630393034386131336630323130396130306163393137356262623437633532
64663035656432386563613536343533343666393561323765326231346235353838643563333564
66323065626531383636613231396631656137376537613833393633383934386632616631623037
38303561623133633537366434383838303636663161396139333661663265623635333963383738
34633664633635393939653034653762613636666231306665373566306364343335343438336663
38306564336538363765336661643665393464666230386366316465656565636263386437316634
32373261363863326432623763313031356236636562363165663436366535323731666536393762
62353863653664343262313963366335366131363363636132333833656463666562646138393862
38353830653034313863653965646161633861613663663639366232633937313837376531646164
65376230383064333061363432616363646430653835363265623462616634353637303036623661
65386133336131386235393031353164393464643762653265613765303838313833343863643635
62313362643937626530393861373962376333316230623930663337643163663064333436616538
35663739373030633639373739303161316135383933376631323030316662316164653761313961
38616535383064396564663530303632373433633834333965653862353736343730313236353239
36313035383861383436313061366334643135356162326166636534326633663439383633313637
34373666663265346435646637626330633938393039316534666564646162616230616264303035
36376436653137343161346439653830313631636663613630343566366130306364303163376136
64326633643634356562653762373636653963633934363430303735343264396466616636626530
66666530653130363432333662373439666331306164303737343863393133323139333665373034
34346131643236643731303438313536653066326439616339303331623638343233396331656130
32646335313331633761326431633863636566633064613530636638316339383462386633353739
31663839623163643162663634353431613338336637653438316339643230613862626339356234
37646333653633663338616161373432386461303237363033363664356533393936613538336130
31303666386135353164383762313730373430373930363232393932666438306630383630633365
61383732396134356635613135626135613935373133636261366534316233336166363939336133
64343165313338646538636536353734336235623437363237346631306439343437383132633139
65376236663562346339653564333533373639656666613763376139323066323139626263383531
66313333313065643937363665386465653433346565636631356436346366373838333632393565
39633361363835656338396337303261366339616563613637373730373464333935366430653666
31663162386366646438616136616265376435383835633864306137623164633032646433643961
32313237616539386663316666393666336531616261373061363665376232623363373932656635
61373566363131663938366165366636316265643430636136366433633061343339333039313032
38646339313863623465386365633637613139643966383735323266353031396466653663346561
61646262396535373438323138623737336239326361303636316661393163323462323861633566
33306539646262383632623434643831303763633135643337636530323237303063323731383061
38303262666535336231323961316532303666656436373339633161616261666139643162623765
35373263393437373061373234313064353661333830323364636331303261376531306231656665
66353335613437353037396339666661373563663765313936623664633465366162353639626138
63346439373630613963373261373230393837313062613735623664333933393430626463336265
64376330643739386238643131326462343536633831386538613664646538643161336632393338
30366632656631346632323762323931323565643337326131623037373061663931326134313530
36636265616535633231666638663536366438633735363339626437613039303163363839316237
39373635383563353863346163393333643465316661383464343430376133353436653338356565
64616363356131366637326364356463663464366431323666316233636531623430376630393730
64333231363733386435303765393763636431636130633134356562663136346333333463353634
64343762616334326261356465633863336632646333663735653438306430363866343633656636
65353361363436363565306631613635343466343831343634333434343737353161636566316530
33653961393966643863646461323639353161623766336563643566616432363730356365303430
32653130656665343834383137393836373132353232343061373138353837373662373037656661
66336437613665653537353030313231306130646237643665306134356333643436666666313738
66353962623165313039323938376538383738393564313736313434353834383261373561656634
63326332316332626330393730303062623166663961373865303464643837323761633666323638
32653364393361333532656431356636393364356136653166663366613264653265333236363063
34363535326532353533386533373464346362383635363835383130633865313031383033343161
35356232626663643236663335656666333365346263626365323138376463363839323038323036
36626138653832316231633463306633343664363665376438356161343865366262343066623838
38643535303139646136356139653765633732623261643738636466333263353930393430613230
30653665666266323133376538353736646631353861656461613836306331636539323330646131
62303863313337376436663363343561323763616238636338386334323263323835623733333137
61376162623433643562316665366136363466313034303165626231653034616163383437626262
39663561656366363462333262323864373737313032303865663762323731363039633763366163
32616430646364393065306337663730303731623162313236333534313235643433663939336537
30366637353831306230663065653232363737383934316561343233653365323361656230613661
35336465633264643037613239366661643335326438303962356263306465383933633136396665
63633939373632633032336262333035316230643063653938346363333638316132613763303631
64373631613837313964343630393661363738353333353261346162306630653065633866313535
36663132303639373261623133306463663636653331623765383431646433623364306337353631
65623537363133373264623134316439323634623338633434616662643839313663323030353632
66653734643536396634653232303033633863306336663036323136316532663931646536303835
62303836633665616632303332646634333363643161356561383034623866333733643864623662
62366230643739333061333764663362303130376235346531366461653533633332616531313662
64353239313439333632656535633333323539613466663138313330616261333736376231343733
31613565666336333331316461613830363839306234313439363036393364333739393233653937
38323233353466646433663965623733656539313934376335383835386263626334626665343030
30633364313637623139376633376463616537376239363363336663636562366163376563646439
33393662633234333262366236323130626562666662356139366162663235646133393566323764
30616262353964653764303933643737656538383530643832313761383561646632376266633733
39386465383336396630333736636464383336656632633735313133626230333963313835386133
32396130636635653734373661646335633736626133643139636134343030613862333562316561
37373131373764633936356638396334323538393631393665643830616534623138643465643039
37613264356633303537336165653338646330643935336335376265616530306231326136383565
39346166333566633537313032663232353134323737633331303062326263313535366234643035
63376333333534373163386630363334613766333738643830373732363235356461313364366136
34653031653037643265323335333437363833396166616631663766336464656636663462306537
37643638666339313062643730623061623736373062646366396236326538353061383339363836
32336465343462346662373630386633663465346630396236376539616433336333396339343864
65333663323133636134363164643632633137316563316162663665653236373966613838646262
38613963393232326662323736666235393531646532613161303338623138636635346431306462
66623737346232653761343066633065323964663935313964383336383132353563613766636437
37386339616664313637373761313863393432613936393963613764343564336161663131386330
37656165623031303861666233303562363965343965353033356431636565323866313638376331
61666638383865306534373166663365363336636665643266366266303135633031313838343030
36643337316462353535613036663762306661666264326231623734323233303462326463633632
35353230643463623237303963653830363161386339333436323136353130633830353563336463
65303931383266366333646364363631343634383866303731346166323963616131323330613666
34636439346539643630303534323737383833666235356162626434313130316666393762626337
62393131663339613032313036346639633363343437353632323839363063653262366330643032
66326137336565326236643830643963356237653961643864343538363466323761643364306336
32336633373930366664306439396464633439343636643538376339386335326633353066646233
31383230363638656363396431303864316439303965346134346464643039383735656266313736
33346338303937623630383434303932346338393531613136316338613637373265633863393131
34393963633237326363643130663935313464343330343536373436376363653465373530306161
37396235626563356338623862373166356663363633613134333561336461663063323963383334
65313039346538336265616264393062326337373138323734343461636232653064383532333463
36353338396663613830333961653962643261326464306231373030383932346265326134616163
34643331646461633364333531353532643362346337343466626561323263313762356465353333
32373033353031383232653833303030616463656433316363336130383537643631343737383832
32643866623433393666333965326365353034623365316231613065333439373731616262663961
63376366306237663431396161383864313631316131383035633930393862646336656331613330
37636534333863313131323135393566663266633630353664616663333965393830656436306138
36393237383935663839626331313735326133643964333262376131346333333031613430613431
63303430623263613462343735663861366463653733623764313432633030666166663363633263
37616539663636333330613561636138616562333832623431363733666264646233316235346337
32326363373137306165393830376261313966363038363365306334633865636361656662303138
33333335326164633239383439383536373234353631646362653835633331616164373135316363
30626664356431616561393136313563656437633339343230396366363163386464383334616631
35633837373064383235346432303833376564386166336666343236633738656561616139346539
63633965333230326663343636336132343961636438366638383838643965323236383130323137
33343137643338613334323232623730643566393239386566643462383235323536623836303362
37393339316439313238396165303339626362396139636563313661303436663936323537393033
37323932646630663465373664356138633930313861376131356635306532346465383963323231
30343731326234623138373266626233346230376634313761663335366466663138373834396533
30343939366433343137343333333066386262316432396338363239363537376134656630373137
63393938333136626164643832323534333933373466363965616239663831656637383063393236
37643263353839366235613864356161353236343264653464616264396336346635366363336231
34363636646231306564343561386466653830656133376361663532393139656139616361303933
35636630333931326133346232666539363666336538373064393537653735663162343232633131
31383933316238346334633433396634363362646330366564623339353762616330663431613064
64366432613161353964326661303033323965336331386461383438343061306432343632306461
61383737636165336131613334343139353138656262656231336361623033383931316535613465
66366430333934363563333762656362393362666236656532626138623137633632633736373432
34653039376665316637646263393331626661663639306434363364386339346263363431636533
33666236646530623564383134383739373435383233323766656631336132346562626232363030
32303333613965393063396662626561383130646339393466626434303564303864383064616631
36356636383033363639383562373032303962373139313962353830616630373032363662363331
63316264353266666661333362333036343735373533393930386239393934383662363934383632
30643436343465333662663661346137326362636432663761306137313139376236313435396435
39343261336332616530663163653134386233303562336333393635393638623230663030393063
65316462643637396334306163646232636534363436376662643263343738656465613134643836
30663436666666303335393236656138373533363239653135313332386562313336326230633736
65643839396632323839643137396264356132363932643134303230333363663530373261336535
39643362393961346434393233376133653134373035303732323338666661353662636534353636
62363164646661353737393935353566336266383566616432616130346635346635313133623661
35346466616638333232333737633865326237613539633065343766636163623934313639626537
39623739303834623835633465303363353065303361396538386535376236386263623861363639
32666631626662386461646332396263396433366565653461613437363361303138323833353433
37666363373833636166636637366664623431333263326664633361643534363137646566643634
61663931336466643664653739386131353962623137613565653265346430343262376131613633
62626363376237646466646365636530363732613336613034333065343464356266653432316333
30643039376365313730356631393338333536363966343439626365346263633562636633366332
38626233366333623832636663383161306439326331636536363831396563343865383537323635
37373834313363633638303033616138333963303565623233613935333835363966623066646537
33373762373532643261633431373462663735633066646163313462386631636334333133386536
37356234613066306331363665663531333632393063333831646561333464366330666463313433
34643839316232633765663733323537393165633864333562346636323064333765633766373666
64313937613235653562656266373134393865653330353331373563353234323737313562633063
34323431373737656539323938656433313336663162363561333938303538316330663937613031
38656265643333666635633236613030663739646464376533303938323530633034376239666637
63376662323033636434653534353832353932336365366233653462313938333230356364323838
31353232333637633835633235663037636462646637326539383762373432303961626437643231
61306332303861386330663430353534383434653235616263663235643631313231623466356566
32386236356566383032363435393465333534633437663835376534373234376635646332643838
65363363636335343865373566363331363365376333386632383633376533393731383632393565
39633232373361326666356238646166646538663932356530633332613162623737313664313730
34663236343035623437623661373166653532343736396261313934326664633435636464343064
63356563376134326366656162336230633832313635343139306237393635303232636563633132
33356463643265386632663265383130383266616564363535363964633265383232626438633465
31393638383134333165333661646630356237306333383631636466653161653937366232383936
61626666646235383166643139653832633763656362333936623037326335373638633862333465
36346265636336303362313834393835316439353464313363663531643662343461373965643461
64666432383637313434613130666461386437623138616532303438396534346439346239366662
32386435343032313635353839393537616466303235363231343262336133356330343936313631
38623332633030316139633632343031303163366336333361666137303636333633353331356266
30373436396630343764306462353832346661616336626337366231396264663266393930636363
32323233336537626131636362346663613636663530633134643036313062383733316535383366
34333330326566383836376437313833343431616565626362616130373335663434663431333662
32613161623366393736343064346465303763643666333933643463373336656163316237363531
39343732666463663261386366613839646530383963663032663665626162393633303031393434
37363662366130636465653561666634626336326539383464323466316236656133653032306339
66623663336364353838313733623336326134336266393162323039356331376164373937386138
64323239363939313232623136356262393162383933646337353431313464393932313166636138
63316665313166356637616161396131336465393335663766373765316337303831306362636262
39626233393433623136323136353164366333356436333766396463396365633866626165386534
31666336343936656330383534333032363565333965346130616131313330616261653365383337
38333165633934633430636566343766353635666432386634393432656632646630396336363034
64663931393535666331303035346364393933393132356233616233343161656639663931313236
61373739663137633466396434393933646263653264343931636336336133373966343862356664
34656535646331323431343163316130386365363039646236316635306265323135373565366662
62303466313465303839336537386336366262666536653730313463303866633065353230383531
32303732363064633630656331316132333230643534656635373138393363336234356232633138
33613866363431353566636531613631663962376563303434366461636538393866336361323733
31613465303936376663383337386431633232376362643663326361393830626532613535616232
32623362343136656533653432316363323639663030323564366434383362323730343530653231
30656565373464343463643462626537396162656361653339613333303034623334616336363361
30346564376432643338616561386139336132303039313230656431386636336631326661343939
65323439383561353764386330646364386431653666306331386432613662626231336538343333
35353333386337383164323837316131613439333534663939366165653366366466396665393063
30366336313334343364376431616264663831356337636566333961633037613138383666393837
34373031643366313336386536663061303764626465646336303164343366353630616332363065
34663935653764313638613330373031343831353765336565353965323939643263633436376634
65336166633636323233653232373166313330633664626639663530653638656531313236633439
34356237636165333963363162323164373537666266643539386136373265346265323337643033
64313831353634386237323135303731616161626533383534643531353265353636396562363633
36356134336163646438363534346632363631346466613331303566313034306165373630346462
35643962666436653335646361616235616230643466303638333532353235633034316461383533
64313064663831353166343138303837363934396635313334623434323835613936656638306462
61306438626266623163353030393532663066323863306265313365303932393538343466313262
31343830353761316566656435343539613964633534366239316565333165636431653332623766
33386466386633356163616334323136643966663938383563613932313032373832333631363335
38633433623861636434353937616632353136326662623732636638383136333533306565616432
64346263323065643933643261643931356462363931333663346461373865663061396634616633
66633461313531633939343261303835653564613566613732623736613564666536636330356436
38326432393266643536323636323936656332306332633432336266653265396466383238323664
64393431653239373231396136323935346335383634396261363163343135346564656230396337
34666661383530313363633033613661666563396364306430393130306362663938663035356466
36363164353136383233383131333239316136373938363130366362376330643761653237623238
66633266313562383665373736346139313239333965663232313666656564613039363036356233
62316636386263303536303236613364616461336265663864653033376234343434656437303237
65366634353237343533636134313961383539316534326230623734366164356563656665643263
6364633134613562636564626333653863316439323933613334
